image_width: 1280
image_height: 720
camera_name: narrow_stereo
camera_matrix:
  rows: 3
  cols: 3
  data: [665.427553, 0.000000, 627.117065, 0.000000, 750.891561, 379.511212, 0.000000, 0.000000, 1.000000]
distortion_model: plumb_bob
distortion_coefficients:
  rows: 1
  cols: 5
  data: [-0.292458, 0.058099, -0.004011, -0.001024, 0.000000]
rectification_matrix:
  rows: 3
  cols: 3
  data: [1.000000, 0.000000, 0.000000, 0.000000, 1.000000, 0.000000, 0.000000, 0.000000, 1.000000]
projection_matrix:
  rows: 3
  cols: 4
  data: [429.241241, 0.000000, 625.081309, 0.000000, 0.000000, 695.073120, 380.131329, 0.000000, 0.000000, 0.000000, 1.000000, 0.000000]
